1
2
5
7
10
13
16
19
22
26
29
33
37
41
45
49
53
57
61
65
69
73
78
82
87
91
96
101
105
110
115
120
125
129
134
139
144
150
155
160
165
171
176
181
187
192
198
204
209
215
220
226
232
238
243
249
255
261
267
272
278
284
290
296
302
308
314
320
326
332
339
345
351
357
364
370
376
382
389
395
402
408
414
421
427
434
440
447
454
460
467
473
480
487
493
500
507
513
520
527
533
540
547
554
560
567
574
580
587
594
601
607
614
621
628
635
641
648
655
662
669
676
683
689
696
703
710
717
724
731
738
745
752
759
766
773
780
787
794
801
808
816
823
830
837
844
851
859
866
873
881
888
895
902
910
917
924
932
939
946
954
961
968
976
983
990
998
1005
1012
1020
1027
1035
1042
1049
1057
1064
1072
1079
1087
1094
1102
1109
1117
1124
1132
1139
1147
1154
1162
1169
1177
1184
1192
1199
1207
1215
1222
1230
1238
1245
1253
1260
1268
1276
1283
1291
1299
1307
1314
1322
1330
1337
1345
1353
1361
1368
1376
1384
1392
1400
1407
1415
1423
1431
1439
1447
1454
1462
1470
1478
1486
1494
1502
1510
1518
1525
1533
1541
1549
1557
1565
1573
1581
1589
1597
1605
1613
1621
1629
1637
1645
1653
1661
1669
1677
1685
1693
1701
1709
1717
1725
1733
1741
1749
1757
1766
1774
1782
1790
1798
1806
1814
1822
1830
1838
1847
1855
1863
1871
1879
1887
1895
1903
1912
1920
1928
1936
1944
1952
1961
1969
1977
1985
1993
2001
2010
2018
2026
2034
2042
2051
2059
2067
2075
2084
2092
2100
2108
2117
2125
2133
2141
2150
2158
2166
2175
2183
2191
2200
2208
2216
2225
2233
2241
2250
2258
2266
2275
2283
2291
2300
2308
2317
2325
2333
2342
2350
2359
2367
2376
2384
2392
2401
2409
2418
2426
2435
2443
2452
2460
2468
2477
2485
2494
2502
2511
2519
2528
2536
2545
2553
2562
2570
2579
2587
2596
2604
2613
2621
2630
2638
2647
2655
2664
2673
2681
2690
2698
2707
2715
2724
2733
2741
2750
2758
2767
2776
2784
2793
2802
2810
2819
2827
2836
2845
2853
2862
2871
2880
2888
2897
2906
2914
2923
2932
2941
2949
2958
2967
2975
2984
2993
3002
3010
3019
3028
3037
3045
3054
3063
3072
3081
3089
3098
3107
3116
3125
3133
3142
3151
3160
3169
3177
3186
3195
3204
3213
3221
3230
3239
3248
3257
3266
3274
3283
3292
3301
3310
3319
3328
3337
3345
3354
3363
3372
3381
3390
3399
3408
3417
3426
3434
3443
3452
3461
3470
3479
3488
3497
3506
3515
3524
3533
3541
3550
3559
3568
3577
3586
3595
3604
3613
3622
3631
3640
3649
3658
3667
3676
3685
3694
3703
3712
3721
3730
3739
3748
3757
3766
3775
