1
4
11
21
35
50
70
98
130
169
219
278
354
434
522
618
720
826
937
1053
1182
1324
1498
1697
1908
2140
2396
2657
2932
3235
3547
3888
4242
4608
4980
5373
5779
6190
6632
7083
7534
8014
8511
9035
9592
10183
10781
11383
12041
12737
13461
14198
14952
15739
16537
17360
18232
19122
20018
20928
21864
22807
23761
24764
25788
26834
27889
29017
30198
31412
32670
33959
35265
36595
37932
39302
40726
42192
43669
45204
46782
48373
49987
51623
53345
55077
56897
58731
60573
62423
64332
66273
68245
70281
72343
74434
76548
78718
80918
83175
85497
87860
90236
92644
95115
97625
100142
102669
105222
107833
110539
113291
116062
118961
121892
124904
127979
131078
134239
137417
140692
144016
147351
150798
154291
157872
161468
165129
168872
172625
176460
180343
184313
188376
192472
196512
200744
205081
209521
214002
218544
223128
227788
232528
237302
242166
247075
252023
257014
262100
267233
272441
277705
282978
288278
293703
299255
304871
310567
316368
322279
328249
334257
340279
346373
352592
358876
365091
371429
377778
384224
390768
397387
404120
410876
417664
424483
431385
438494
445809
453234
460738
468372
476067
483808
491518
499352
507278
515228
523400
531591
539791
548017
556332
564719
573234
581814
590444
599197
608111
617184
626274
635444
644624
653833
663219
672629
682154
691713
701304
710949
720635
730428
740278
750286
760388
770554
780960
791462
802186
812983
823829
834681
845631
856668
867993
879454
891169
902942
914722
926548
938503
950532
962643
974827
987090
999528
1012076
1024712
1037419
1050254
1063203
1076177
1089270
1102500
1115876
1129327
1142826
1156409
1170135
1184102
1198190
1212201
1226258
1240353
1254574
1268884
1283377
1297924
1312552
1327363
1342254
1357154
1372284
1387432
1402684
1418106
1433573
1449147
1465024
1480940
1496867
1512962
1529212
1545671
1562161
1578897
1595721
1612611
1629742
1646975
1664377
1681938
1699977
1718036
1736220
1754483
1772773
1791301
1809943
1828617
1847537
1866660
1885952
1905320
1924760
1944385
1964065
1983906
2003798
2023706
2043687
2063654
2083956
2104361
2124813
2145552
2166468
2187505
2208682
2229893
2251198
2272745
2294336
2316071
2338028
2360223
2382431
2404673
2427118
2449603
2472581
2495780
2519219
2542716
2566256
2590039
2613960
2637999
2662462
2686982
2711583
2736230
2761278
2786341
2811424
2836685
2861962
2887250
2912596
2938127
2963777
2989444
3015240
3041374
3067662
3094096
3120553
3147210
3174091
3201026
3228206
3255660
3283284
3310959
3338811
3366787
3395011
3423298
3451842
3480689
3509584
3538568
3567608
3596710
3625824
3654986
3684333
3713698
3743215
3773230
3803413
3833795
3864204
3894766
3925415
3956322
3987469
4018860
4050323
4081896
4113630
4145413
4177398
4209632
4242212
4274919
4307666
4340423
4373606
4407011
4440526
4474182
4508001
4542093
4576303
4610875
4645688
4680683
4716095
4751635
4787328
4823068
4859055
4895139
4931437
4968145
5005015
5042251
5079467
5116923
5154466
5192233
5230032
5268391
5306874
5345494
5384366
5423411
5462809
5503262
5543833
5584843
5626159
5667621
5709122
5750830
5792645
5834635
5875280
5916029
5957417
5998926
6040575
6082337
6124153
6166369
6208739
6251173
6293701
6336390
6379158
6422094
6465358
6508988
6552868
6596973
6641368
6685906
6730766
6775860
6821056
6866436
6911936
6957622
7003437
7049365
7095422
7141695
7188194
7234709
7281382
7328198
7375214
7422386
7469589
7516896
7564699
7612657
7660735
7708939
7757184
7805663
7854361
7903380
7952775
8002246
8051800
8101476
8151617
8201952
8252512
8303169
8353907
8404771
8455796
8506990
8558281
8609715
8661286
8712931
8764927
8817325
8870059
8922907
8975893
9028929
9082120
9135643
9189281
