1
2
4
5
6
8
9
10
11
12
14
15
16
17
18
19
20
21
22
23
24
25
26
27
28
30
31
32
34
35
36
37
39
40
41
42
43
44
45
47
49
50
51
53
55
56
57
58
59
60
61
62
63
64
65
66
67
68
69
70
71
72
73
74
75
76
77
78
79
80
82
83
85
86
87
88
89
90
91
92
93
95
96
97
98
99
101
102
103
105
106
107
108
109
110
111
112
113
114
115
116
117
118
119
120
121
123
124
125
126
128
129
130
131
132
133
135
136
137
138
139
140
141
142
143
144
145
146
147
148
149
150
151
152
153
155
157
158
159
161
162
163
165
167
168
169
171
173
174
176
177
178
180
181
182
183
184
185
186
187
188
190
191
192
193
194
195
197
199
200
201
203
204
206
207
209
210
211
212
213
214
215
217
219
220
222
223
225
226
227
228
229
230
232
233
234
235
236
237
238
239
241
242
243
244
245
246
247
248
249
250
251
252
253
254
256
257
258
259
260
261
263
265
267
268
269
271
273
274
276
278
279
280
281
282
284
285
286
287
288
289
290
291
292
293
294
295
296
298
299
300
301
302
304
306
307
309
310
311
312
313
314
315
316
317
318
319
321
323
325
326
328
329
330
331
332
333
334
335
336
337
338
339
340
341
342
343
344
345
346
347
348
349
350
351
352
353
355
356
357
358
359
361
362
363
364
366
368
369
370
371
372
373
374
375
377
378
379
380
381
382
383
384
385
386
387
389
391
393
394
395
396
397
399
401
402
403
404
406
407
408
410
411
412
414
415
416
417
418
419
421
422
424
425
426
427
429
430
432
434
435
437
438
439
440
441
442
444
446
447
448
450
451
452
453
454
456
457
459
461
462
463
464
465
466
468
469
470
471
473
475
477
479
481
482
484
485
487
488
489
491
492
493
495
496
497
498
499
500
501
502
503
504
506
508
510
511
512
514
515
517
518
519
521
522
523
524
525
526
528
529
530
531
532
533
535
536
538
539
540
542
544
546
547
548
550
551
553
554
555
557
559
560
561
562
563
564
565
566
567
568
569
570
571
572
573
575
576
577
578
579
580
581
583
584
585
586
587
588
589
590
591
593
594
595
597
598
600
601
602
603
604
605
606
607
608
609
610
611
612
