1
4
11
20
31
46
63
85
117
152
196
248
309
389
471
563
662
767
877
993
1113
1244
1387
1563
1766
1981
2216
2476
2743
3021
3327
3641
3984
4342
4713
5089
5486
5897
6311
6755
7210
7664
8146
8648
9177
9738
10333
10934
11540
12204
12903
13631
14371
15128
15919
16722
17547
18422
19317
20219
21132
22072
23020
23977
24988
26018
27069
28129
29261
30447
31666
32928
34220
35529
36866
38205
39581
41011
42484
43964
45504
47084
48682
50301
51943
53668
55408
57232
59074
60919
62774
64687
66632
68606
70646
72713
74810
76929
79103
81305
83564
85890
88257
90636
93046
95522
98037
100559
103090
105648
108266
110975
113732
116505
119407
122343
125361
128442
131544
134709
137890
141170
144500
147839
151290
154789
158377
161975
165639
169385
173144
176982
180870
184845
188912
193014
197060
201297
205638
210083
214568
219113
223704
228372
233116
237893
242762
247676
252628
257626
262719
267856
273070
278341
283618
288923
294350
299905
305527
311227
317032
322948
328923
334936
340963
347059
353283
359572
365793
372137
378488
384939
391488
398113
404850
411608
418401
425225
432132
439247
446565
453994
461501
469137
476837
484582
492295
500135
508066
516020
524196
532393
540598
548830
557153
565542
574060
582646
591280
600038
608957
618035
627131
636308
645492
654706
664098
673512
683040
692605
702201
711853
721544
731341
741197
751209
761315
771485
781897
792403
803134
813933
824784
835641
846595
857638
868971
880438
892157
903937
915720
927550
939510
951543
963660
975849
988119
1000562
1013116
1025759
1038470
1051308
1064262
1077240
1090339
1103575
1116957
1130413
1143918
1157508
1171236
1185206
1199301
1213316
1227379
1241478
1255706
1270020
1284518
1299070
1313703
1328520
1343420
1358326
1373462
1388616
1403873
1419299
1434774
1450355
1466238
1482158
1498091
1514191
1530446
1546912
1563405
1580147
1596974
1613867
1631003
1648242
1665648
1683213
1701257
1719320
1737511
1755781
1774077
1792609
1811256
1829934
1848858
1867987
1887284
1906660
1926104
1945733
1965417
1985262
2005162
2025077
2045062
2065036
2085345
2105757
2126216
2146961
2167881
2188926
2210108
2231324
2252632
2274185
2295784
2317523
2339484
2361685
2383899
2406148
2428600
2451090
2474072
2497274
2520718
2544221
2567766
2591559
2615484
2639529
2663997
2688524
2713130
2737786
2762838
2787907
2812994
2838263
2863545
2888836
2914187
2939724
2965380
2991049
3016853
3042993
3069287
3095727
3122190
3148850
3175734
3202673
3229863
3257322
3284951
3312630
3340486
3368466
3396692
3424984
3453535
3482386
3511287
3540276
3569321
3598430
3627552
3656720
3686073
3715444
3744964
3774985
3805175
3835563
3865978
3896546
3927198
3958110
3989263
4020662
4052131
4083709
4115449
4147237
4179225
4211466
4244051
4276766
4309521
4342285
4375472
4408880
4442403
4476066
4509892
4543987
4578202
4612776
4647594
4682594
4718008
4753554
4789253
4825000
4860991
4897080
4933384
4970098
5006974
5044215
5081435
5118897
5156445
5194218
5232025
5270388
5308878
5347501
5386380
5425430
5464835
5505293
5545868
5586885
5628206
5669674
5711179
5752892
5794712
5836709
5877362
5918116
5959509
6001024
6042676
6084443
6126265
6168487
6210861
6253300
6295833
6338526
6381300
6424243
6467513
6511148
6555033
6599143
6643544
6688086
6732954
6778053
6823254
6868639
6914143
6959832
7005651
7051583
7097645
7143922
7190428
7236948
7283627
7330451
7377475
7424654
7471863
7519173
7566982
7614946
7663029
7711242
7759490
7807976
7856678
7905702
7955105
8004580
8054138
8103821
8153965
8204302
8254864
8305527
8356271
8407140
8458174
8509373
8560670
8612112
8663691
8715343
8767345
8819748
8872485
8925340
8978332
9031375
9084572
9138099
