2
2
3
3
4
5
5
6
7
8
8
9
10
10
11
12
12
13
14
14
15
16
16
17
18
18
19
20
20
21
22
22
23
24
24
25
26
26
27
27
28
29
29
30
31
31
32
33
33
34
35
35
36
36
37
38
38
39
40
40
41
42
42
43
44
44
45
46
46
47
47
48
49
49
50
51
51
52
53
53
54
55
55
56
56
57
58
58
59
60
60
61
62
62
63
64
64
65
65
66
67
67
68
69
69
70
71
71
72
73
73
74
74
75
76
76
77
78
78
79
80
80
81
82
82
83
83
84
85
85
86
87
87
88
89
89
90
91
91
92
93
93
94
95
95
96
96
97
98
98
99
100
100
101
102
102
103
104
104
105
106
106
107
108
108
109
110
110
111
112
112
113
113
114
115
115
116
117
117
118
119
119
120
121
121
122
123
123
124
125
125
126
127
127
128
129
129
130
131
131
132
133
133
134
135
135
136
137
137
138
139
139
140
141
141
142
143
143
144
145
145
146
147
147
148
149
149
150
151
151
152
153
153
154
154
155
156
156
157
158
158
159
160
160
161
162
162
163
164
164
165
166
166
167
168
168
169
170
170
171
171
172
173
173
174
175
175
176
177
177
178
179
179
180
181
181
182
182
183
184
184
185
186
186
187
188
188
189
190
190
191
192
192
193
193
194
195
195
196
197
197
198
199
199
200
201
201
202
203
203
204
205
205
206
207
207
208
208
209
210
210
211
212
212
213
214
214
215
216
216
217
218
218
219
219
220
221
221
222
223
223
224
225
225
226
227
227
228
228
229
230
230
231
232
232
233
234
234
235
236
236
237
237
238
239
239
240
241
241
242
243
243
244
245
245
246
247
247
248
248
249
250
250
251
252
252
253
254
254
255
256
256
257
257
258
259
259
260
261
261
262
263
263
264
265
265
266
267
267
268
268
269
270
270
271
272
272
273
274
274
275
276
276
277
278
278
279
279
280
281
281
282
283
283
284
285
285
286
287
287
288
288
289
290
290
291
292
292
293
294
294
295
295
296
297
297
298
299
299
300
301
301
302
302
303
304
304
305
306
306
307
308
308
309
310
310
311
311
312
313
313
314
315
315
316
317
317
318
319
319
320
320
321
322
322
323
324
324
325
326
