2
3
4
5
7
9
11
12
13
14
15
17
19
20
21
22
24
25
26
27
28
30
32
34
35
36
37
38
39
40
41
43
45
46
47
48
49
50
51
53
54
55
57
58
59
60
62
64
65
66
67
68
69
70
72
73
75
77
78
79
81
83
84
85
86
87
88
89
90
91
93
95
96
97
98
100
101
102
103
105
106
108
109
110
111
113
114
115
116
117
118
119
121
122
123
124
125
127
128
130
132
133
134
136
138
139
140
141
142
143
144
146
147
148
150
151
152
153
155
157
158
159
160
161
162
163
164
166
168
170
171
173
174
175
177
178
179
180
182
183
184
186
187
188
189
191
192
193
195
196
197
199
200
201
203
204
206
208
209
210
211
212
213
214
216
218
219
220
221
222
224
226
227
228
230
231
232
233
234
235
237
239
241
243
244
246
247
248
250
251
253
255
256
258
259
260
261
262
264
265
266
267
268
270
271
272
273
275
277
278
279
280
281
282
283
284
285
286
287
288
289
291
292
294
296
297
298
299
300
301
303
305
306
307
309
310
311
312
313
314
315
317
318
320
322
323
324
326
327
328
330
331
332
333
334
335
336
338
339
340
341
342
343
344
345
346
347
348
350
351
352
354
355
356
357
358
360
361
363
364
365
367
369
370
372
373
374
375
376
377
379
380
382
384
386
387
388
390
392
394
395
396
397
398
399
400
401
403
404
405
407
408
410
411
412
413
414
416
417
418
419
420
421
423
424
425
426
427
428
429
430
431
432
433
435
436
437
438
439
441
442
443
445
447
448
449
450
451
452
454
456
457
458
459
460
462
463
464
466
467
468
469
471
473
474
475
476
478
479
480
482
483
484
485
487
488
490
492
493
494
495
496
498
499
500
502
503
504
505
507
508
510
511
512
513
515
516
518
519
520
521
523
524
525
527
528
529
530
531
533
534
535
537
538
539
540
541
542
543
544
545
546
548
550
552
553
555
556
557
558
559
560
561
562
563
564
565
566
567
568
569
571
572
573
574
575
576
578
579
580
581
582
584
586
587
588
590
592
594
595
596
597
598
599
600
601
602
604
605
606
607
608
610
611
613
615
616
618
619
620
622
624
626
628
629
630
631
632
633
634
635
636
637
639
641
643
644
645
646
648
